-0.274081451	-0.069123493	9.918636226
-0.260853839	-0.013842928	9.912232685
-0.221154643	-0.053970663	9.902690851
-0.321748748	-0.041165971	9.933433705
-0.272737743	-0.126601114	9.924291387
-0.321319132	-0.099050897	9.936677258
-0.219456694	-0.110972378	9.907353525
-0.308415993	0.014203971	9.927331217
-0.208884805	0.005402228	9.89789554
-0.370314868	-0.073586362	9.951649003
-0.315624488	-0.159430512	9.943168785
-0.169212385	-0.075200928	9.89157163
-0.262674436	0.045944976	9.91408194
-0.370728096	-0.016320131	9.951102891
-0.231193749	-0.165811484	9.918876236
-0.364676567	-0.133555513	9.957441718
-0.157421849	-0.016785414	9.886065669
-0.166410016	-0.131912692	9.898647506
-0.273292732	-0.200012904	9.937155336
-0.358287354	0.039419465	9.946993107
-0.31338118	0.071745145	9.932236963
-0.209781691	0.063294654	9.900847114
-0.412449229	-0.10660082	9.973733735
-0.417329806	-0.047823897	9.971644579
-0.356427627	-0.193362904	9.964563159
-0.158879938	0.040357713	9.888308534
-0.114422317	-0.054221842	9.881374752
-0.176968501	-0.187057049	9.910081784
-0.410788898	0.020684643	9.968426312
-0.267070887	0.103325166	9.920792996
-0.113630735	-0.111147737	9.886926124
-0.405597046	-0.167678238	9.978833929
-0.314829465	-0.233176599	9.958444885
-0.218648186	-0.222294843	9.927460526
-0.108912903	0.014073026	9.878944248
-0.366000724	0.09568695	9.954162044
-0.121127131	-0.166961596	9.897492021
-0.460154692	-0.080869507	9.992321397
-0.459169359	-0.012768355	9.988839287
-0.315737052	0.128438221	9.939567478
-0.453762766	-0.141695203	9.995617906
-0.213846271	0.119940307	9.907958149
-0.163218885	0.097135919	9.894017028
-0.269456881	-0.268814381	9.953387887
-0.398078233	-0.225322161	9.9877577
-0.4174508	0.077269919	9.973808646
-0.06622987	-0.023631972	9.873447454
-0.063020148	-0.080663597	9.877325651
-0.112147887	0.073977052	9.882578984
-0.157076239	-0.239881412	9.919365071
-0.355225382	-0.266852901	9.981446275
-0.461336841	0.044335942	9.991373568
-0.447561078	-0.200818183	10.00272064
-0.269477614	0.160814919	9.930126549
-0.06813208	-0.145823652	9.887475243
-0.209119362	-0.277130277	9.94081988
-0.503025014	-0.048142047	10.01139401
-0.501017715	-0.115402239	10.01431326
-0.365525661	0.152532641	9.960924796
-0.099995296	-0.219490433	9.905990227
-0.310043109	-0.302469319	9.975587062
-0.062011607	0.047470439	9.874315245
-0.417049803	0.134230866	9.979070868
-0.495251908	-0.173975571	10.01981326
-0.508520287	0.008758473	10.01358996
-0.170260083	0.156839152	9.904508899
-0.405282973	-0.282800264	10.00411998
-0.320614962	0.186637496	9.951176258
-0.118277312	0.132405312	9.891075232
-0.467529596	0.100769108	9.998560146
-0.218594676	0.185446943	9.921402043
-0.013694995	-0.046168237	9.8711291
-0.018560948	-0.11666177	9.879556822
-0.454610765	-0.257706636	10.01888607
-0.152487727	-0.294594321	9.93566962
-0.240035902	-0.320773435	9.961380851
-0.044487898	-0.197171933	9.896206977
-0.358313095	-0.32309596	9.998659106
-0.01665772	0.012834406	9.869962604
-0.543555992	-0.082303881	10.0335915
-0.510486354	0.065941914	10.01672674
-0.066944123	0.109012944	9.881338619
-0.097850357	-0.27477992	9.92066464
-0.273616433	0.218535736	9.943742332
-0.502662251	-0.230621178	10.03417606
-0.542617742	-0.148783655	10.03970221
-0.551995109	-0.025744505	10.03595351
-0.281474166	-0.353850468	9.98357222
-0.403814835	0.189753054	9.983368539
-0.46402327	0.157654126	10.00385652
-0.183627824	-0.338613638	9.955225927
-0.554440099	0.03269241	10.03799001
-0.016313228	0.082748558	9.875782463
-0.045572255	-0.25277052	9.909844606
-0.445054551	-0.314741612	10.03013567
-0.360079195	0.225269936	9.973214656
-0.1261473	0.193271875	9.904263194
0.007494887	-0.166917071	9.887820518
-0.515159627	0.12254031	10.0240311
0.030652392	-0.082066512	9.875259337
-0.175284042	0.222861841	9.91985287
-0.330078404	-0.375040876	10.00503858
-0.400189178	-0.352837473	10.02386116
-0.551296641	-0.207321908	10.0536418
-0.074698786	0.170982368	9.892933419
-0.494760971	-0.290517796	10.04489363
0.034591742	-0.01261072	9.869716972
-0.586080312	-0.117010108	10.05926369
-0.104738048	-0.328385196	9.93964784
-0.592747456	-0.060089603	10.05854734
-0.311948838	0.255162566	9.96528353
-0.222533405	-0.374923241	9.976531456
-0.224679528	0.247543973	9.937516684
-0.558874217	0.089481297	10.04329788
0.028915563	0.047919028	9.872127608
0.007308056	-0.222691095	9.900566992
-0.596918516	0.000311532	10.05997364
-0.452587778	0.213429353	10.00953544
-0.023486525	0.146484855	9.885291561
-0.542553606	-0.263763195	10.0613848
-0.050394928	-0.307052993	9.927247303
-0.266471673	-0.407782469	9.999597321
-0.594587321	-0.173942511	10.07051335
-0.407804357	0.246955832	9.997483397
0.055129962	-0.133182915	9.883101051
-0.511578133	0.179310526	10.03072788
-0.136142585	-0.371979911	9.959303273
-0.26327967	0.28449808	9.958655816
-0.371315913	-0.404146995	10.0321514
-0.447788259	-0.371230218	10.04975093
-0.603254992	0.057073005	10.0645602
-0.36136552	0.28031607	9.988850051
-0.125729886	0.251583463	9.919232216
-0.49776354	-0.346679591	10.06420791
-0.561427053	0.146193027	10.05042601
-0.075682763	0.226916686	9.906476034
0.027597086	0.12097505	9.881243131
0.080189888	-0.046623569	9.875869624
0.008241171	-0.278072839	9.915128338
-0.591241762	-0.237649726	10.08116309
-0.632759393	-0.093807274	10.08285181
0.06057508	-0.189047859	9.894210099
-0.314153112	-0.429667361	10.02286955
-0.176262696	0.277980982	9.935492003
-0.174663069	-0.408426444	9.981012072
-0.637801531	-0.034325307	10.08296433
0.080379646	0.023038424	9.875287004
-0.546327412	-0.319843628	10.07839046
-0.02426552	0.203413105	9.897340705
-0.057362261	-0.360353266	9.946829949
-0.500629535	0.235230633	10.03620272
-0.313567058	0.311135241	9.982119219
-0.642961253	-0.154001508	10.09396776
-0.607416967	0.113728439	10.07146992
-0.419925193	-0.421639426	10.05673407
-0.645135107	0.022428478	10.08683973
-0.456913821	0.270355436	10.02464579
0.072678562	0.085751004	9.878684527
0.102567962	-0.098854161	9.882982922
0.061199413	-0.244599022	9.90806721
-0.218031045	-0.439619305	10.002191
-0.556550764	0.202847863	10.05713665
0.003956362	-0.33171147	9.934539922
-0.266144124	-0.462058228	10.02365717
-0.59502548	-0.294310181	10.09426616
-0.638886663	-0.213240505	10.1018456
-0.411185452	0.303484421	10.01480274
-0.215300955	0.315579782	9.956029277
0.027353976	0.179267689	9.892104584
-0.087627038	-0.404653027	9.966695144
-0.357144574	-0.458405954	10.0480647
-0.482285171	-0.408065034	10.07690374
0.109314528	-0.154927764	9.892705405
-0.650277497	0.079178982	10.09233984
-0.264538346	0.340227451	9.977395217
-0.531919526	-0.382947922	10.09236658
-0.680399786	-0.074442973	10.1080123
-0.078719598	0.283917123	9.923701184
-0.607553904	0.17052552	10.07872542
-0.364027607	0.334772698	10.00616706
-0.128676945	0.309772386	9.93796396
0.126646368	-0.010326838	9.880650772
-0.127706723	-0.440847553	9.986088284
-0.685682551	-0.01745879	10.10981042
-0.027582255	0.260447846	9.912862379
0.061563697	-0.299339854	9.92482542
0.076840053	0.150678226	9.889725028
-0.585971539	-0.350101181	10.10651626
-0.642688101	-0.270100161	10.11494758
-0.689546305	-0.130809794	10.11805665
0.114250535	-0.210752849	9.904809459
0.124007549	0.060672837	9.883441915
-0.005983438	-0.384547208	9.954291929
-0.306865106	-0.493507885	10.04866405
-0.548600194	0.259126153	10.06427937
-0.503720472	0.292546418	10.05172816
-0.405045772	-0.47686941	10.07345104
0.148712381	-0.062824196	9.886558641
-0.169042062	-0.473932119	10.00798129
-0.687151935	-0.192199359	10.12430666
-0.690536257	0.044595722	10.11373732
-0.654658635	0.135748043	10.1002472
0.024306323	0.236889051	9.906131659
-0.458559535	-0.461640279	10.08762631
-0.458879437	0.326960304	10.04168077
-0.317022497	0.367153594	10.00213547
-0.169593927	0.350044053	9.959292624
-0.600981083	0.227030841	10.0851538
0.155864046	-0.119122571	9.894084311
-0.21906482	-0.494478724	10.02663366
-0.035109584	-0.429552435	9.974467009
-0.520720985	-0.439337111	10.10563732
-0.635539084	-0.328322322	10.125465
-0.410847375	0.357871704	10.03265348
0.124051152	0.118261945	9.889802662
0.115694939	-0.265981576	9.919776795
0.056353684	-0.353294315	9.943625386
-0.35594704	-0.511954937	10.07193721
-0.576389847	-0.406645842	10.11946791
-0.727410823	-0.056753732	10.13547168
-0.218979469	0.375018212	9.978458115
0.075606832	0.211560702	9.902087408
-0.07563957	-0.465203207	9.99355718
-0.691823731	-0.251996592	10.13798561
-0.698058204	0.100842295	10.12160833
0.161109769	-0.176171181	9.904585904
-0.652271224	0.192625226	10.10683106
-0.081530678	0.341582577	9.944131647
-0.267899774	0.396426653	9.999513475
-0.031061884	0.317177744	9.931681773
0.170625187	0.027878122	9.888912295
-0.263783398	-0.53312432	10.05566472
-0.733603304	0.000208916	10.13766018
-0.363848853	0.38986595	10.02601922
-0.731711832	-0.163452932	10.1461427
-0.116233706	-0.500350705	10.01344911
-0.626051468	-0.384855827	10.13791591
-0.555012875	0.313212581	10.08185348
0.020511294	0.293350818	9.924046004
0.114883946	-0.320223798	9.937924292
-0.436532891	-0.515884321	10.10142666
-0.684998583	-0.308471593	10.14640624
-0.748072927	-0.108808898	10.15040804
-0.509579983	0.346273537	10.07090717
0.191744898	-0.025231618	9.893707216
0.046940672	-0.40568271	9.964785366
-0.498562139	-0.491366109	10.1161492
0.125052934	0.18276301	9.901706461
0.165867588	-0.231585966	9.917989786
-0.738719096	0.057162246	10.1423613
-0.604210584	0.282562339	10.0987698
-0.121058948	0.380238327	9.962968679
0.172872733	0.088785202	9.895212367
-0.163804935	-0.526036203	10.03230578
-0.313702946	-0.55098768	10.07763125
-0.702453793	0.157309492	10.1300158
0.20111331	-0.081618875	9.899756884
-0.736323544	-0.221736375	10.15742954
-0.46483192	0.380890998	10.06186014
-0.564695549	-0.462984307	10.13374392
-0.647442628	0.248972657	10.11543964
-0.316134567	0.421372253	10.0234918
0.071438958	0.26806837	9.917697393
-0.170265246	0.404898643	9.981534841
0.018066796	-0.451405502	9.983559917
-0.387509387	-0.550663108	10.10011462
-0.410560327	0.411854267	10.05190192
0.209285328	-0.137612105	9.90829575
-0.676594738	-0.367113368	10.15813648
-0.773979858	-0.03648756	10.16184795
0.10878309	-0.374096098	9.956214026
-0.022061611	-0.488387807	10.00094801
-0.208990638	-0.553955409	10.05357943
0.1709866	0.14854645	9.902962539
0.167922852	-0.286574549	9.934164799
-0.61577941	-0.442762748	10.15006984
-0.73249532	-0.284580867	10.16768891
-0.746875231	0.11315919	10.15112449
-0.697745604	0.214186719	10.13552482
-0.221016541	0.429191368	10.00068207
-0.0367348	0.375687355	9.954483878
0.122430465	0.241753138	9.915545108
-0.063689247	-0.522836455	10.02003142
-0.781119965	-0.15900959	10.17471639
-0.781226021	0.020156392	10.1660233
0.21422798	-0.193434474	9.919799026
-0.262623434	-0.585679275	10.08194187
-0.476975837	-0.544966374	10.12954794
0.01390767	0.351158411	9.943535601
0.225762646	0.020684519	9.902492812
-0.598977202	0.338251517	10.11098029
-0.553466832	0.370910595	10.09883321
-0.363993337	0.444975901	10.04806815
-0.268430312	0.453066446	10.02346488
-0.53888556	-0.520160937	10.14487396
-0.79667206	-0.097607496	10.17842039
-0.108727996	-0.552763965	10.03899721
-0.345446739	-0.589478847	10.10580668
-0.724392015	-0.341274045	10.17682281
-0.666225081	-0.424020607	10.16949487
-0.648631338	0.304826478	10.1286792
-0.50891465	0.405547186	10.08948366
-0.076598268	0.414980315	9.97242068
0.065915783	0.327886845	9.93740741
0.245672909	-0.038043255	9.907849784
0.168295981	-0.341023776	9.9525248
0.102040403	-0.426923824	9.977502775
-0.428001102	-0.580340957	10.1278321
-0.776313024	-0.25246624	10.18574775
-0.788421407	0.076579611	10.1729984
-0.752381921	0.169621695	10.16011853
0.228308822	0.080171571	9.906590459
-0.156261531	-0.577954181	10.05845644
-0.460773182	0.435444319	10.08055315
0.171747021	0.212760136	9.916261508
0.219084324	-0.248858601	9.933304107
-0.591528667	-0.506031458	10.16235389
-0.694234023	0.270544493	10.14531957
-0.126281246	0.44079902	9.988885677
0.253368212	-0.099606195	9.914557526
0.070768601	-0.471523313	9.99515514
-0.315746889	0.475826349	10.04664334
-0.822307225	-0.048006744	10.19106063
0.116525592	0.301517888	9.932950217
0.030890211	-0.509224054	10.01134296
-0.715131641	-0.400491894	10.18815939
-0.808359676	-0.206300577	10.19660167
-0.412171454	0.465089769	10.07342633
-0.175562006	0.463459725	10.0071425
-0.297944659	-0.621636916	10.10898933
0.226623206	0.141020958	9.914047351
0.259832035	-0.158770694	9.924962947
-0.201758221	-0.606043693	10.07922611
-0.642811949	-0.486801569	10.17967264
-0.772654633	-0.318213085	10.19709274
-0.792983997	0.133269637	10.18010507
-0.746179769	0.226365778	10.1656445
0.161215755	-0.394512608	9.971705721
-0.010318092	-0.544709018	10.02952601
-0.517917716	-0.572803053	10.15836935
-0.829278901	-0.1430213	10.2014553
-0.385490347	-0.619797327	10.13322677
-0.831511216	0.008203242	10.1963129
0.222480973	-0.30327164	9.950896723
-0.599919507	0.392856062	10.12831802
0.008141586	0.408766159	9.967533353
-0.054868977	-0.576078421	10.04719076
-0.645492906	0.360700674	10.14116767
-0.555455823	0.427601991	10.11876865
-0.224200493	0.489160022	10.02821942
0.167277944	0.275012166	9.932794418
-0.469538348	-0.608219495	10.15564718
-0.57118188	-0.56011921	10.17493647
-0.364787936	0.497427036	10.07119846
0.059282017	0.384384805	9.95819071
0.274532422	0.048086101	9.917259479
0.266704767	-0.214170395	9.937889676
-0.102660677	-0.60314814	10.06573925
-0.763305351	-0.375521462	10.20663828
-0.693393027	0.326524143	10.15758272
-0.694042399	-0.469088916	10.19818492
-0.85347954	-0.092231132	10.21191656
-0.837965029	0.06487037	10.20169791
-0.509180861	0.460176993	10.10952907
0.226267022	0.198115622	9.925502041
-0.815726188	-0.284555334	10.21456788
-0.272244019	0.512787321	10.05149387
-0.031812609	0.448167615	9.985468687
-0.241252074	-0.638212202	10.10554429
-0.798935676	0.189364729	10.19009299
0.293893523	-0.005571345	9.922332821
0.297111039	-0.062695798	9.924710437
0.153485966	-0.447151932	9.992983404
-0.337836739	-0.652568546	10.13590857
-0.625960011	-0.540678298	10.19221734
-0.744882657	0.28271739	10.17591344
-0.457935367	0.488892352	10.10092719
-0.081339405	0.474384431	10.00003736
0.11177	0.358658808	9.952457333
0.221156438	-0.357667777	9.968837535
-0.148680666	-0.630386188	10.08620653
0.274541458	0.110899913	9.923444108
0.091089428	-0.518750886	10.02036927
-0.857512204	-0.195749332	10.22400502
-0.869774728	-0.033092291	10.21930356
-0.131114624	0.498100314	10.0169935
0.305477876	-0.118804578	9.932850376
0.271783538	-0.269122819	9.953299215
-0.428120946	-0.647673331	10.16002923
-0.742655288	-0.443666196	10.21456083
-0.842212203	0.121636544	10.20810742
0.046945639	-0.55808169	10.03690196
-0.279418222	-0.672501451	10.13086715
-0.810750822	-0.350120577	10.22632699
0.220854269	0.254950971	9.938199337
-0.517286745	-0.62599821	10.1818385
-0.678142265	-0.523772247	10.20851513
-0.793446245	0.24606862	10.1962098
-0.411284313	0.521902771	10.0976947
-0.322377143	0.535592397	10.07554254
0.163284078	0.33379855	9.951116663
0.003288153	-0.593953541	10.05555677
-0.880702225	-0.144032608	10.23218129
-0.877039951	0.029070664	10.22430382
-0.644074504	0.415705494	10.15703321
0.31137106	-0.175310169	9.943662037
-0.859875036	-0.2537246	10.23411747
-0.180356056	0.524861058	10.03756875
0.275448343	0.169501008	9.932619208
0.216389166	-0.41096775	9.989245761
-0.189440599	-0.66362908	10.10930503
-0.693041368	0.38183032	10.17243729
-0.600759291	0.452354299	10.14867853
0.146007396	-0.498923879	10.01676852
-0.043701914	-0.625609661	10.07359275
0.052840704	0.441246282	9.982777493
0.272559535	-0.323701719	9.970462349
-0.379434944	-0.681239862	10.16281906
-0.570985187	-0.615888142	10.1987888
-0.742825381	0.338791065	10.18789104
-0.554395814	0.484819905	10.13963972
-0.79172021	-0.420728502	10.23372067
-0.847841803	0.177906466	10.21759994
-0.09260475	-0.652684144	10.09272878
-0.902152952	-0.081827944	10.2402249
-0.503533188	0.513577086	10.12963463
0.107253864	0.41185695	9.973048969
0.32821957	0.038591336	9.934614153
-0.47592477	-0.666146567	10.1856169
-0.622503769	-0.595212491	10.21261026
-0.729227848	-0.506579459	10.22792606
-0.854633759	-0.317695083	10.24368742
-0.885555611	0.085310901	10.23116329
0.318255952	-0.230416936	9.957890177
-0.229165106	0.549773355	10.05864023
-0.032134545	0.501669444	10.01070819
-0.320421238	-0.702332347	10.15817864
0.216268238	0.312495442	9.954609537
0.271176881	0.22784262	9.945036506
0.344117046	-0.026905228	9.939595539
-0.793478336	0.302233624	10.20716414
-0.369420121	0.560718132	10.10223497
-0.081913974	0.526200965	10.02546769
0.207243889	-0.463875391	10.00920655
0.328282626	0.099600387	9.939491286
0.350661188	-0.083442391	9.945613154
0.104603812	-0.56788736	10.04649965
-0.901920685	-0.219663451	10.25290579
-0.917443809	-0.019266412	10.24793799
-0.457137679	0.547015696	10.12570024
-0.279654486	0.573111134	10.08288667
0.022980418	0.487165328	10.00305469
0.159345781	0.387944732	9.972519188
0.272463452	-0.377710859	9.989419028
-0.135042136	-0.684664337	10.11421491
-0.226109616	-0.69905952	10.13533941
-0.674920702	-0.578687107	10.22890372
-0.776935101	-0.478926161	10.24392248
-0.845555064	0.234792068	10.22428287
-0.427417065	-0.70069619	10.18749997
-0.838871135	-0.394346573	10.2528172
-0.889310318	0.142030434	10.23807877
0.064999838	-0.605816647	10.06328939
-0.131623241	0.554219658	10.04394328
0.357600297	-0.139728437	9.954337284
0.323635719	-0.285299081	9.973903281
-0.542148769	-0.668221991	10.21137347
-0.689372994	0.437143771	10.18702831
0.010313952	-0.64362435	10.08311193
-0.926486441	-0.16863225	10.26196399
-0.740929827	0.394368411	10.20146404
-0.645799979	0.473173273	10.17757499
-0.267140342	-0.729285622	10.16194876
-0.899824291	-0.288379494	10.26351902
-0.92779557	0.036636014	10.25467635
0.329354332	0.157689787	9.947765572
-0.600775336	0.507659068	10.16973024
0.267358124	0.286938804	9.958961539
0.164610614	-0.546106539	10.04336386
-0.039698526	-0.675316244	10.10181517
-0.72685275	-0.561106097	10.24620781
-0.361168683	-0.732783424	10.18459078
-0.597753833	-0.656939749	10.22860831
-0.943902312	-0.114403365	10.26751569
-0.789424608	0.358131599	10.21876256
-0.552562875	0.538257103	10.16000349
-0.181438109	0.580418091	10.06650962
0.101663323	0.46703465	9.99793708
0.212830401	0.367319615	9.972420306
0.365476782	-0.195213728	9.966574737
0.269005368	-0.430928354	10.01014165
-0.826707182	-0.456122356	10.26237382
-0.882545783	-0.360829819	10.26918438
-0.415522347	0.586261968	10.12893974
-0.327335892	0.598898859	10.10907524
-0.17235971	-0.720830238	10.13843811
-0.894952124	0.198199399	10.24787018
-0.845349121	0.291243095	10.23414052
0.325108911	-0.339940129	9.99107388
-0.498219557	-0.71000354	10.21497272
-0.654187715	-0.632911333	10.24179041
-0.953780192	-0.058121755	10.27066065
-0.503625965	0.56716931	10.15297723
0.379884755	0.022341803	9.953315953
0.215119534	-0.514317019	10.03536853
-0.936746309	0.09260888	10.26243011
0.152541065	0.441347884	9.992886041
0.32556098	0.215498946	9.957985497
-0.081711077	-0.708138561	10.12350155
-0.776240434	-0.536612788	10.26157138
-0.034537077	0.555746116	10.03812842
-0.230207791	0.602318382	10.08696802
0.393874856	-0.04630828	9.960161763
0.3691235	-0.2506332	9.980566157
-0.941129262	-0.252873474	10.28142271
0.379969835	0.082350453	9.957188331
-0.308895936	-0.760036887	10.1862482
-0.96482802	-0.00225274	10.27649079
0.020232563	0.540673732	10.02986765
0.149971081	-0.595937948	10.06757794
-0.410053635	-0.751249156	10.20806537
-0.706889063	-0.616065489	10.25918277
-0.084097915	0.584159784	10.05540668
0.071167169	0.516115458	10.01952144
0.264428403	0.343020072	9.977284336
0.401520058	-0.10274883	9.967292665
0.070948851	-0.654998244	10.09233503
-0.87452335	-0.430482677	10.28116013
-0.938159162	0.149529021	10.26797147
-0.892870167	0.255100488	10.25505066
-0.740415611	0.449353941	10.21721931
0.265363615	-0.483833782	10.03186317
-0.21346247	-0.752045602	10.16354291
-0.693510488	0.491019711	10.20602779
-0.278331725	0.628557029	10.11135399
0.326227992	-0.393759652	10.01064482
-0.565776991	-0.711257999	10.24081833
-0.825060293	-0.511271509	10.27784448
-0.929064752	-0.334007198	10.28919026
-0.967595354	-0.202878226	10.29055431
-0.841242164	0.347546738	10.24414098
-0.373503353	0.624753533	10.13508159
0.206300295	0.421599648	9.993193789
0.321170637	0.271438916	9.970890392
0.020239371	-0.692154641	10.11190522
-0.789334066	0.413767722	10.23261619
-0.649921999	0.527631498	10.1999764
-0.464511358	0.608843806	10.15679981
0.381138944	0.140334087	9.964864278
-0.118465453	-0.744755701	10.14762977
-0.974452577	0.053887723	10.28293788
-0.13362038	0.610954378	10.07437954
0.410205576	-0.15830016	9.978439138
0.374733518	-0.305040505	9.997783759
-0.463568863	-0.756734182	10.22814802
-0.984460018	-0.148288044	10.29451434
-0.60310916	0.560658316	10.19114541
-0.635531247	-0.688673735	10.2576466
-0.760038271	-0.597569541	10.27587661
0.217252596	-0.564855321	10.06256499
-0.024144506	-0.723842867	10.13007109
-0.994092058	-0.091717252	10.29586267
-0.550373716	0.591353581	10.18176883
0.128477097	-0.64404437	10.08992395
-0.258427558	-0.788962	10.19247889
-0.353327789	-0.785737844	10.21183974
-0.918983867	-0.397995829	10.29671374
-0.94483023	0.205485202	10.27835134
-0.890038014	0.311623618	10.26403843
-0.182814858	0.633600794	10.09383611
0.128278743	0.511718493	10.02203687
0.377732891	0.197815233	9.973685974
0.414643605	-0.214080865	9.9905369
0.321070008	-0.446924975	10.03114946
-0.518493733	-0.754843745	10.2443475
-0.687888977	-0.669529639	10.27145278
-0.873104433	-0.486009754	10.29602569
0.258382144	0.397875348	9.995165465
0.428969362	0.000991943	9.97366658
-0.970162586	-0.297506336	10.30540021
-1.005019183	-0.035752553	10.30059492
-0.982905306	0.109912199	10.2914976
-0.324849895	0.654946613	10.13705843
0.373701126	-0.359561977	10.01552697
-0.160897293	-0.776637623	10.16941588
-0.809641795	-0.573257267	10.29113683
0.318573078	0.327699099	9.987816647
0.266932151	-0.535314758	10.05705005
-0.422646065	0.647659614	10.16124091
-0.033274527	0.608188883	10.06598065
0.179580377	0.486390621	10.01789154
0.429063173	0.059802787	9.976133543
-0.84128556	0.402889737	10.25869184
0.443346142	-0.064190345	9.98263249
-0.060852463	-0.761162491	10.15339647
-0.99657426	-0.247105	10.31283469
-0.743063526	0.503094979	10.23663338
0.020905086	0.592067476	10.05720882
0.072526721	0.56624157	10.04716495
0.201105761	-0.614847051	10.08556178
-0.420473355	-0.799277098	10.23763538
-0.740746269	-0.652264466	10.28814526
-1.014740013	0.020398143	10.30674055
-0.511273531	0.632926209	10.18609151
0.373655838	0.253734463	9.985294302
0.421042639	-0.268850306	10.00606208
0.083090991	-0.703521395	10.12045293
-0.303663934	-0.814883141	10.21636092
-0.605754099	-0.740685484	10.26944395
-0.918192455	-0.453865797	10.31107103
-0.944064124	0.262301114	10.28581724
-0.790944735	0.468638124	10.24894723
-0.699169011	0.542999132	10.22940141
-0.231349187	0.660783389	10.11752173
-0.082128366	0.635343048	10.08176179
-0.964661495	-0.369640762	10.31653559
-1.016650516	-0.19233675	10.31815899
-0.987159143	0.166675663	10.29850693
0.430405972	0.117374301	9.982909223
0.452524189	-0.120172277	9.991082436
-0.85871293	-0.548495403	10.30730438
-0.886740081	0.367897305	10.2743302
-0.648786262	0.581130764	10.22033271
0.319440156	-0.499615805	10.0542944
0.029644627	-0.740937614	10.14029196
0.375415619	-0.41343566	10.03530457
-0.201543079	-0.808394049	10.19422288
-1.032589416	-0.134114468	10.32214571
-0.597060852	0.614023832	10.21105498
-0.374345532	0.678386688	10.1631161
0.233611913	0.467710317	10.02040742
-0.102345963	-0.793732578	10.17558952
-0.475774708	-0.804599713	10.25709805
-0.277861805	0.68717523	10.14272649
-0.13439111	0.662260494	10.10450447
0.312875496	0.383028004	10.00520497
-0.562498227	-0.778887111	10.27195222
-0.65976815	-0.731852955	10.2864851
-0.793242641	-0.634328686	10.30484382
-1.026241738	0.075992105	10.31516431
0.427459177	0.174123343	9.989632574
0.460494751	-0.175764697	10.00302097
0.423817262	-0.323604012	10.02264672
-1.043768717	-0.077816189	10.32507599
0.267058754	-0.585873448	10.08392559
0.182043	-0.663775211	10.10843085
-0.360294782	-0.834473997	10.24124461
-0.939502176	0.318976247	10.29392363
-0.469290852	0.671740359	10.18893352
0.129731617	0.563947882	10.049091
0.371577341	0.309958853	10.00032631
-0.990767886	0.223067792	10.30782217
0.141041512	-0.700668182	10.12370951
-0.712051772	-0.71301603	10.30018962
-0.907621288	-0.523044665	10.32337765
-0.965818324	-0.428343479	10.32985891
-1.006815371	-0.334756892	10.33352671
-0.841824816	0.458278056	10.27303713
0.477418816	-0.019310583	9.996414483
-0.004963232	-0.780650808	10.16322928
-1.05375283	-0.021432436	10.32962033
0.180718973	0.538256335	10.04314083
0.284976431	0.442550614	10.02116483
0.464633912	-0.231422791	10.01591616
0.370920478	-0.467061052	10.0557134
-0.25717743	-0.849604472	10.22742056
-0.843063073	-0.610197853	10.32010081
-1.030898345	0.132693266	10.32176926
-0.557545598	0.655471725	10.21308128
-0.182965125	0.689956338	10.12679188
-0.14383174	-0.82620356	10.19788324
-1.032345993	-0.283720302	10.33897384
0.007766097	0.642977579	10.08579542
0.42529724	0.233391245	10.00027778
0.479184223	0.042368649	9.997913462
0.423194423	-0.378060467	10.04019543
0.319188197	-0.55133226	10.07875993
-0.887655487	0.423522137	10.28827179
-0.790384113	0.523209163	10.26630057
-0.327400458	0.711031188	10.1668857
0.069327052	0.617986432	10.07336502
-0.747897704	0.56082931	10.25904264
-0.420855183	0.702569014	10.18841009
0.492902989	-0.079780314	10.00681408
0.089894461	-0.752078576	10.14991145
-0.412359835	-0.850730122	10.26129471
-0.523648362	-0.823965352	10.28178058
-0.764684526	-0.696671696	10.31638068
-1.054122427	-0.231110719	10.34446979
-1.062759914	0.034854895	10.33587465
-0.701592462	0.596107324	10.25071594
-0.040540015	0.669482231	10.10127929
0.252771082	-0.636431266	10.10674021
-0.046698058	-0.813796366	10.18441753
-0.309573019	-0.864116192	10.24597463
-0.612276628	-0.792562383	10.29683862
-0.953224199	-0.492064534	10.33931139
-1.066422856	-0.175205151	10.34568628
-0.99042348	0.279717731	10.31578239
0.36610674	0.365473288	10.01681766
-1.008498975	-0.393810949	10.34624173
-0.938132083	0.375116155	10.30499356
-0.646059137	0.634487213	10.24090539
0.4817241	0.104351821	10.00462126
0.470935535	-0.28608644	10.03204063
-0.892375537	-0.585915304	10.33606322
-1.034668586	0.189310485	10.32928402
0.235576458	0.522303624	10.04747792
0.501165564	-0.136891464	10.01634938
-1.080544663	-0.118046149	10.3492878
-0.515275196	0.694158723	10.21612523
-0.229289372	0.716951365	10.14880069
-0.089448402	0.695124925	10.11895285
-0.197902586	-0.857570702	10.22324289
0.423420213	0.289502776	10.01431104
0.370512438	-0.519559619	10.07887373
0.052531302	-0.790328334	10.17042515
-0.465560017	-0.858253899	10.28187141
0.426053213	-0.431339992	10.06118824
-0.666423736	-0.785223998	10.31387155
-0.816818155	-0.680275275	10.3332766
-1.090557252	-0.059847245	10.35283954
-1.073955023	0.090521378	10.34440229
0.126462103	0.614992351	10.07598718
0.339524315	0.429598773	10.03251346
0.479587029	0.165744508	10.01187626
-0.088314461	-0.846655026	10.20630843
-0.845022606	0.512475707	10.29134749
-0.373999757	0.735418417	10.19287968
-0.278720649	0.74080161	10.17226102
0.508459763	-0.19323062	10.02897611
0.232331685	-0.685131943	10.12879482
-0.365807677	-0.883839464	10.27026223
-0.986456884	0.336447034	10.32368307
-0.606256152	0.675615992	10.24153335
0.286831505	0.496668744	10.04513135
0.474023428	-0.340668932	10.048929
0.320577512	-0.602499375	10.10454614
0.150988019	-0.74890193	10.15300412
-0.574092906	-0.837373888	10.30546098
-0.71865058	-0.764874643	10.32548435
-1.000064987	-0.464503315	10.35801707
-1.056922391	-0.333760151	10.36117673
-1.034705943	0.246098692	10.33654058
-0.466837305	0.724892278	10.21460189
-0.137907275	0.722818218	10.13984144
0.178346244	0.591431781	10.06965603
-0.941408117	-0.561763084	10.35292945
-0.890174731	0.478371444	10.30489306
0.522191374	0.010217955	10.01774721
-1.102422954	-0.004107787	10.35895949
0.015479092	-0.828311774	10.19224348
-0.256179756	-0.899147975	10.25641051
-0.867139011	-0.65730234	10.34812223
-1.081994521	-0.280861293	10.36743756
-1.078412461	0.147204791	10.35100937
-0.93720589	0.430985047	10.31775691
0.054416708	0.671659688	10.10284475
0.418359093	0.344890252	10.0290057
0.4774336	0.22270917	10.02130944
-0.13857771	-0.87532213	10.22672212
-0.801348257	0.574254683	10.28981131
0.515135502	-0.248419701	10.04330266
0.422453396	-0.485045718	10.0817068
-1.102304502	-0.214314467	10.37071232
-0.753807318	0.613238655	10.2813148
-0.695898199	0.649910323	10.26982335
0.525076484	0.071280023	10.02205507
0.536995937	-0.044559746	10.02646443
0.206600566	-0.731252781	10.15080229
-0.514668391	-0.875798415	10.30574825
-0.771853599	-0.750388652	10.34196014
-0.563788757	0.714188334	10.24397907
0.003013559	0.701847666	10.11941051
0.474005897	-0.394983494	10.06738542
0.371877385	-0.571120633	10.10365741
-0.416433087	-0.900730827	10.29122579
-1.115841076	-0.158607087	10.37321413
-0.325003377	0.765169496	10.196659
0.233182726	0.574990506	10.07189149
0.305317065	-0.652670997	10.12765213
0.122614431	-0.792986802	10.17619221
-0.309690886	-0.913858144	10.27435044
-0.627887695	-0.840421797	10.32505176
-0.987758066	-0.531317074	10.36855299
-1.043615674	-0.430793534	10.3737866
-1.113707693	0.051571635	10.36658682
-1.034348237	0.302946034	10.34490146
-0.186586077	0.752731483	10.16223786
0.392688839	0.409951608	10.04231529
0.545254285	-0.100759253	10.03460276
-0.02608756	-0.861871631	10.21303114
-0.915970824	-0.631148556	10.36289862
-0.985987671	0.392664979	10.33514298
-0.421868349	0.760219437	10.21896156
-1.128478042	-0.102786235	10.37702545
-1.08228225	0.203830896	10.3585221
-0.047444777	0.730244805	10.13597964
0.111287931	0.665390406	10.10284738
0.341547537	0.483206562	10.05527973
0.525446626	0.135965864	10.02885207
0.518503301	-0.303420434	10.05869201
-0.655808564	0.690719541	10.2691531
0.476276513	0.282371855	10.0351674
-0.192656335	-0.906788431	10.25198109
-1.076436916	-0.38454783	10.38263133
-0.5170437	0.747379632	10.2428486
0.284429977	0.549352466	10.07024487
0.552611789	-0.156688713	10.04473324
-0.700406982	-0.820511453	10.34343666
-0.824654883	-0.735840737	10.35894045
0.419931613	-0.537654897	10.10444256
0.086483929	-0.831857213	10.19831623
-0.468844784	-0.911837019	10.31149464
-1.140414451	-0.046834183	10.38214604
-1.121408855	0.107940081	10.37345591
-0.890289139	0.533205615	10.32184048
0.171895066	0.642858531	10.09681902
0.474227447	-0.448723613	10.08704594
0.283585144	-0.701351393	10.14869199
-0.076641497	-0.894738142	10.235023
-0.235871145	0.776879778	10.18390048
-0.358272973	-0.934655573	10.29701863
-0.564948277	-0.890824055	10.32872313
-1.106519549	-0.334821651	10.38972249
-1.030500132	0.359580534	10.35370074
-0.942074726	0.485438617	10.33485006
-0.852955664	0.576199314	10.31544895
-0.099238682	0.761143439	10.15744556
0.525286895	0.19616573	10.03842311
0.190247589	-0.781854975	10.17859328
-0.753270643	-0.80262354	10.3565315
-0.965636647	-0.608446941	10.37995154
-1.035197813	-0.504904491	10.38674611
-1.129516268	-0.260200779	10.39230479
-1.082836498	0.260559791	10.36667299
-0.372957152	0.790081202	10.22224067
0.559273094	-0.212267611	10.05715705
0.521691908	-0.358011334	10.07548227
0.371152877	-0.622398357	10.12902002
-0.875111481	-0.711334968	10.37109144
-0.615163503	0.731266335	10.27068717
0.566893632	0.037027233	10.0417669
-1.151663673	0.009051675	10.38817431
-0.80300575	0.627904676	10.3097367
-0.745891925	0.667050612	10.29934726
-0.469967917	0.780027848	10.24381852
0.471459536	0.341651867	10.05008264
0.029303503	-0.875884957	10.22118454
-0.255218684	-0.949090332	10.28549745
-1.125451257	0.164786748	10.38016848
-0.986401791	0.4482468	10.34879047
-0.283978453	0.803317162	10.20838769
0.053946089	0.724141076	10.13347809
0.394595833	0.463273532	10.06417961
-0.125187136	-0.923354171	10.2548561
-1.151603601	-0.206464107	10.39870269
0.227350592	0.628871405	10.09917163
0.445807626	0.396196581	10.05854475
0.259254889	-0.748699215	10.17030987
0.567663338	0.101390043	10.04606617
0.583257634	-0.017281008	10.04940391
0.562707282	-0.267866738	10.07074473
0.471653585	-0.502121931	10.108078
-0.519309452	-0.926743097	10.33396824
-0.619029476	-0.892638988	10.34781559
-0.67086061	-0.869490234	10.355145
-0.923753864	-0.68428954	10.38497459
-1.164477943	-0.147804995	10.40142453
-0.14686732	0.790364625	10.17914951
0.003702469	0.752526731	10.14864945
0.339793828	0.538644156	10.08031179
0.524426361	0.255608914	10.05088233
-0.408877481	-0.952547779	10.31707757
-0.806833801	-0.791018503	10.37328976
-1.012900918	-0.579321678	10.39495906
-1.077791954	-0.469568817	10.40173437
-0.705324247	0.707519361	10.29808088
-0.57033823	0.766825788	10.2716462
0.522201159	-0.411974592	10.09454603
0.422499458	-0.589223223	10.12934068
0.353807549	-0.672476885	10.15070221
0.162207022	-0.826865888	10.20048092
-0.307931888	-0.963967077	10.30254611
-1.162543348	0.064794299	10.39600575
-1.08299124	0.317349657	10.37552863
0.278597913	0.603041411	10.09592376
0.593464952	-0.073050166	10.0572654
-0.01246899	-0.909525723	10.24176928
-1.176359237	-0.087025148	10.40406684
-1.030550012	0.415642313	10.36545459
0.110710899	0.716484556	10.13187384
-1.12932329	0.221507929	10.3886821
-0.422741765	0.812350532	10.2467896
-0.045444624	0.779805788	10.16472833
-1.111779744	-0.424118308	10.40976238
0.163146457	0.694486639	10.12455634
0.569994104	0.164780303	10.05587862
0.600105271	-0.129309582	10.06598538
0.565873676	-0.322850632	10.08633316
-0.168317116	-0.954069048	10.27653958
-0.734974487	-0.85564425	10.37259635
-1.153631426	-0.311981267	10.41320402
-0.944302938	0.540162157	10.35137386
-0.331250521	0.827872526	10.23297484
0.518435818	0.311496213	10.06276969
0.090610214	-0.881275158	10.22684175
-0.859290226	-0.772874447	10.38799066
-0.905854965	0.583257883	10.34489504
-0.664299603	0.747639006	10.29811795
-0.523342062	0.799491067	10.27081561
-0.199246294	0.817092154	10.20179085
-0.460528077	-0.965132878	10.33834866
-0.974095303	-0.664449072	10.40380585
-1.140373937	-0.374719504	10.41576798
-1.190295647	-0.031908185	10.41086197
-1.1700498	0.121143189	10.4032775
-0.858090445	0.629250146	10.33633252
0.469908614	-0.555098203	10.13022084
0.333427871	-0.721778626	10.17155495
-0.055947624	-0.940906229	10.26234622
-1.059712917	-0.551556756	10.41266551
-0.987965818	0.503520129	10.36412433
0.393014832	0.518202609	10.08761185
0.606143509	-0.185229584	10.07750135
0.52312993	-0.465580788	10.11491507
0.24681754	-0.798433457	10.19594894
-0.356450951	-0.985268261	10.32451268
-0.569655858	-0.942563777	10.35653916
-1.179352523	-0.255012664	10.42017607
-1.080058356	0.373864361	10.38441735
-0.797687644	0.681944225	10.32844138
0.44856278	0.45225507	10.08023055
-0.914545156	-0.74011638	10.40122529
-1.129873087	0.278238653	10.39643247
-0.094772563	0.812587445	10.18722968
0.218557658	0.679713517	10.12450529
0.569426895	0.224002634	10.06724044
-0.788688042	-0.843617676	10.38815504
0.334117769	0.591721743	10.10509028
0.499084942	0.384425944	10.0764845
0.610635157	0.070138341	10.06730368
0.569157385	-0.377356218	10.10432467
0.423063148	-0.640715047	10.15451539
-1.199297397	-0.188706877	10.42485486
-1.20106128	0.023927428	10.41819437
-0.754727703	0.719702043	10.32498906
-0.620893855	0.785235211	10.2985697
0.148478369	-0.875089945	10.22801233
0.054129012	-0.919610666	10.24866482
-0.254186831	-0.999341343	10.31478406
-1.021163508	-0.634525507	10.41651872
-1.174215053	0.177797262	10.4104876
-0.476093701	0.831918789	10.27258665
-0.268060676	0.852058302	10.23388624
0.053662436	0.77640772	10.16361372
0.611885165	-0.240930073	10.09041415
-0.102183592	-0.969718716	10.2805045
-0.655641843	-0.925885055	10.37736071
-1.035773912	0.470436968	10.3810451
-0.380635617	0.850010792	10.25662824
0.271194104	0.656255827	10.12378429
0.626150261	0.015111946	10.07322845
0.31124445	-0.769723739	10.19399417
0.215534792	-0.841644082	10.21680727
-1.103699431	-0.517297303	10.42683229
-1.213472648	-0.133250921	10.42864743
0.611058499	0.12850172	10.07277276
-0.511286155	-0.981211447	10.35971309
-0.709001031	-0.907230398	10.38685313
-0.146917937	0.839599252	10.20917389
0.004992326	0.803249908	10.17839502
0.521141476	-0.519325298	10.13465211
-0.406825397	-1.00388696	10.34516984
-0.841747114	-0.828642458	10.40463465
-0.573508123	0.817765431	10.29774283
0.567065045	0.285690626	10.07919431
0.638177019	-0.040710137	10.07950953
0.40341152	-0.690979729	10.1743714
-0.19484572	-0.995939169	10.3052584
-0.307398004	-1.014365661	10.33022614
-0.966084357	-0.722573129	10.41903334
-1.136999817	-0.470999594	10.43397237
-1.224297355	-0.073977906	10.43259557
-1.211537073	0.079732803	10.42633102
-1.130455072	0.334764304	10.40548246
-0.71546131	0.761484851	10.32491396
0.110205708	0.767366589	10.16180047
0.614316711	-0.296539152	10.10379131
0.569859281	-0.431435915	10.12318976
0.473674989	-0.606675728	10.15563198
0.012707246	-0.953882342	10.26875084
-1.081015685	0.429905531	10.39636036
0.644194282	-0.097310658	10.08732166
-1.068009413	-0.605235598	10.43133229
-1.16484242	-0.421160804	10.43908798
-1.188199997	-0.354226607	10.4395314
-1.178292961	0.234437497	10.41879827
-0.956552966	0.591326699	10.37407068
-0.907667309	0.637327671	10.36402042
-0.850724969	0.68351869	10.35326128
0.163260106	0.746717388	10.15479637
0.388186891	0.573920756	10.11141122
0.44711115	0.506178044	10.10195918
-0.903874198	-0.794262558	10.41680074
-0.041822831	0.832214911	10.19700719
0.546998837	0.355792502	10.08928898
-0.612846173	-0.968785769	10.38374251
-0.7633713	-0.898057253	10.40249177
-1.209103136	-0.301080913	10.44293932
-0.431185768	0.86683713	10.27924423
-0.317544804	0.877617746	10.25775331
0.501591035	0.439905933	10.09786451
0.614818206	0.193559075	10.08490905
0.125293743	-0.920257793	10.25455216
-1.237530686	-0.016613965	10.43930852
-1.003610197	0.553781845	10.3868795
-0.671776648	0.798566382	10.32316619
-0.525759531	0.849957606	10.29771864
-0.212781694	0.867317205	10.2335688
0.326945238	0.643826134	10.13024831
0.652551081	-0.153231523	10.09796306
-0.458820239	-1.017039936	10.3657345
-1.014389376	-0.696068018	10.43441804
-1.227857202	-0.241707551	10.44749987
-1.218729134	0.136157374	10.43300669
0.38449036	-0.740813088	10.19523796
0.296199856	-0.819618424	10.21800318
-0.030417338	-0.985892341	10.28852867
-0.134380101	-1.00896447	10.30717125
-0.805328416	0.733191706	10.35269002
0.21828719	0.730784204	10.152835
0.620254334	-0.350577374	10.12161414
0.52063045	-0.571912306	10.15731017
-0.355264233	-1.036130955	10.35299805
-0.560316018	-0.998965422	10.38389029
-1.128246002	0.391138328	10.41516173
0.571408832	-0.484797918	10.14386721
0.203536861	-0.890821127	10.24355341
-1.113252502	-0.573681333	10.44657353
-1.179349674	0.291208981	10.42734433
-0.095171705	0.862549828	10.21835314
0.657678499	-0.209269492	10.10916698
-0.817013004	-0.886242798	10.41895063
-1.248509297	-0.182071771	10.45333953
-1.048864888	0.52208792	10.4019341
0.612623432	0.254640317	10.09496123
0.654819612	0.098185285	10.09372284
0.471703246	-0.658540117	10.18007776
-0.260703331	-1.047419784	10.34509725
-0.691953204	-0.959156918	10.40670973
-0.956754914	-0.778496211	10.43258586
-1.250676961	0.038525279	10.44751167
-0.628134218	0.8356307	10.32521855
0.27129362	0.709010214	10.15032601
0.088452782	-0.959551405	10.27386714
-1.061542717	-0.6660337	10.4466307
-1.222906661	0.192806486	10.4413163
-0.765499934	0.774426887	10.35181851
0.053666515	0.828643282	10.19475193
0.26571372	-0.864197439	10.23746408
-0.075646406	-1.015702486	10.30749288
-1.151791235	-0.529636818	10.4553448
-1.262183996	-0.124352449	10.45734913
-0.374131054	0.900286907	10.28322897
-0.267246483	0.904228279	10.26383334
0.380993295	0.625824605	10.13686758
0.442508901	0.560879852	10.12435636
0.549565786	0.410575839	10.10856637
0.671780116	0.043631361	10.09986512
0.659581084	-0.265422771	10.12053581
0.620107301	-0.405471211	10.13796636
0.363020641	-0.789918928	10.21637896
-0.883957924	-0.853758591	10.43395401
-1.092456278	0.482926911	10.41517374
-0.482555466	0.887041224	10.3033666
-0.159496307	0.887942362	10.23905507
0.654616281	0.155388758	10.10117972
-0.50919345	-1.034264857	10.38849908
-1.187124524	-0.470202027	10.4616213
-1.213728987	-0.402478704	10.46243183
-0.903014283	0.691634402	10.38141897
0.500700951	0.496789015	10.11991316
0.596416353	0.332123165	10.10613163
0.682692434	-0.012388749	10.10543384
-0.201293657	-1.044423153	10.33516994
-0.404809939	-1.055529083	10.37416162
-1.272370622	-0.061320201	10.46112105
-0.960914021	0.645018494	10.39366579
-0.577800241	0.868503782	10.32382608
0.109776859	0.817942228	10.19142613
0.569708111	-0.53876555	10.1630056
0.453016629	-0.709386183	10.1987411
-0.746923682	-0.952238223	10.42213123
-1.006343173	-0.754899068	10.44984206
-1.238165043	-0.345004069	10.46611954
-1.260858344	0.094302218	10.45605107
-1.180517039	0.347984828	10.43688777
-0.723570165	0.813364893	10.35125944
0.005694276	0.860324975	10.21276265
0.690149528	-0.068903022	10.1107626
0.047843111	-0.994801236	10.29435834
-1.006387389	0.608145012	10.40479471
-0.862395368	0.733613328	10.3785596
0.163342754	0.798551526	10.18463369
0.52551462	-0.623386444	10.18233363
0.181744195	-0.937411453	10.26890342
-0.309406359	-1.071195657	10.36364954
-0.646863804	-1.004471263	10.41320624
-1.108617794	-0.637026262	10.46173993
-1.258383904	-0.289715082	10.47034494
-1.227078577	0.24945785	10.44912622
-1.134251247	0.446106297	10.43014444
0.32677789	0.695802778	10.15648312
-0.936180562	-0.834320903	10.44696283
0.697586697	-0.125137456	10.12029173
0.667947886	-0.319274231	10.13808698
-0.428067589	0.917414947	10.30580868
-0.323406552	0.926873171	10.2868129
-0.043963206	0.886346056	10.22852976
0.656763919	0.22259932	10.11300835
0.624042876	-0.459143984	10.15826835
-0.801220201	-0.939047098	10.43618846
-1.277848345	-0.23600364	10.47537178
-1.288299206	-0.006939176	10.46969044
-0.679350064	0.8498879	10.35111643
0.218161574	0.781335083	10.18206432
0.346706709	-0.83939988	10.24047587
-0.13776039	-1.057923671	10.33731406
-0.456953133	-1.069364992	10.39352079
-0.592963774	-1.036274396	10.41256077
-1.05466255	-0.728495784	10.4657259
-1.267961957	0.150713404	10.46372719
-1.055106131	0.575953315	10.42040945
-0.211866772	0.919382749	10.26261622
0.54883949	0.46685079	10.12901372
0.435557271	-0.75965366	10.22012169
0.142501037	-0.974382243	10.28810207
0.005406682	-1.028078366	10.31433839
-0.863179298	-0.906378894	10.44654803
-1.175443763	0.404717007	10.44460143
-0.827270809	0.778860417	10.3815538
-0.534014094	0.905239864	10.32847844
-0.107297741	0.909340654	10.249332
0.436212131	0.614626662	10.14703083
0.59875081	0.386526763	10.12520443
0.704842341	-0.180866954	10.13222075
0.256411578	-0.913419396	10.26524045
-1.159567775	-0.590800612	10.47568312
-1.295960888	-0.164844148	10.48059259
0.496289967	0.550076518	10.14080679
0.641386959	0.300120715	10.12198786
0.667365958	-0.374723427	10.15293068
-0.359031724	-1.090288875	10.38541351
-1.228460718	0.306053138	10.45846806
-1.097312858	0.537481424	10.43196801
0.271711645	0.761216537	10.18006859
0.573754463	-0.590761313	10.18691772
-0.987971969	-0.816348085	10.46377049
-1.202302482	-0.524281573	10.48200954
-1.29748699	0.054178799	10.47676476
0.381503574	0.679845782	10.16371906
0.699187664	0.126304138	10.12234464
0.705829642	-0.237427988	10.14127714
0.521014108	-0.675620682	10.20544969
-0.252175979	-1.098230049	10.37296437
-0.699581503	-1.012141752	10.43438755
-1.101961138	-0.693520394	10.47635984
-1.236658981	-0.454177833	10.48584532
-1.308502797	-0.103507324	10.48393012
-0.953268305	0.699878243	10.40809962
-0.635251737	0.886410762	10.35297112
0.62224917	-0.513004048	10.17760646
0.317340397	-0.885076009	10.25874541
-0.040908898	-1.056681832	10.3322955
-0.543894965	-1.069690801	10.418356
-1.272033212	0.207356344	10.471439
-0.787151255	0.820065801	10.38138639
0.058057222	0.879384698	10.22573184
0.714506973	0.071104872	10.1263666
0.412230637	-0.808384524	10.23964433
0.102842938	-1.011612205	10.30639461
-1.263652666	-0.397180766	10.49000317
-0.378666949	0.949727549	10.3119045
-0.273286372	0.953798001	10.29339213
-0.916548604	-0.893688433	10.46361376
-1.142372628	0.500145287	10.44750001
-1.007146027	0.662629503	10.42273386
-0.91510281	0.742573884	10.40591627
-0.486530159	0.937039222	10.33115055
-0.157703087	0.937421987	10.2677
0.697283792	0.185866188	10.13009371
0.726832546	0.015064179	10.13105058
-1.287782695	-0.336317779	10.49330996
0.153637659	0.848457762	10.21235262
-0.175902304	-1.09321235	10.36143287
-0.410412873	-1.106804558	10.40506947
-0.754256119	-1.003136125	10.44892143
-1.043804037	-0.786364498	10.47968622
-1.323800529	-0.048878018	10.49190774
-0.587451196	0.917902703	10.3516444
0.327283158	0.746505862	10.18431908
0.545761346	0.522633103	10.14933257
0.735920952	-0.041096785	10.13699801
0.673604487	-0.428595398	10.17215864
0.503811494	-0.726603952	10.22503019
0.232242992	-0.959886914	10.28846447
-1.310466275	0.109095215	10.48626871
-1.230371844	0.362392196	10.46820154
-0.744928304	0.858974863	10.38133116
0.005250057	0.911903725	10.24279326
0.59934408	0.445195062	10.14547792
0.645500241	0.356185577	10.13878845
0.71630917	-0.291361266	10.15775175
0.059851038	-1.044531008	10.32496905
-0.087243379	-1.085485049	10.35035259
-0.304434525	-1.119992923	10.39338707
-0.6386679	-1.059352177	10.43815097
-1.1527537	-0.658958926	10.49105229
-1.309456259	-0.28361971	10.49930721
-1.18259667	0.459281417	10.4602696
-1.054485628	0.631028685	10.43636658
0.20798492	0.830479128	10.20997484
0.684799071	0.266447842	10.1382198
0.742056645	-0.097602508	10.14391155
0.572354877	-0.643073318	10.2104675
-0.494639987	-1.102504789	10.4211546
-0.845720274	-0.961843676	10.46419292
-0.968957702	-0.870719782	10.47653632
-1.324216671	-0.213639906	10.5004598
-1.276535043	0.263829721	10.48044426
-0.879210306	0.78725824	10.40751733
-0.056484125	0.934279104	10.25900962
0.49062106	0.606281092	10.16279929
0.436365938	0.66817106	10.17507696
0.624603347	-0.566337894	10.19839408
-1.210516562	-0.581580325	10.50036046
-1.336103465	0.006593158	10.49912223
-0.437459688	0.96657903	10.33562883
-0.328130576	0.976528104	10.31608722
0.714713503	-0.347208868	10.17018276
0.396851796	-0.858746953	10.26284732
0.194157186	-0.998468898	10.30806832
-1.099423798	-0.750866532	10.49353004
-1.250157712	-0.511153974	10.51283904
-1.312874221	0.171823222	10.49242611
-1.1051091	0.590879182	10.45112401
-0.700902913	0.895517432	10.38078456
0.114212479	0.888499452	10.2330969
0.262300024	0.81210337	10.20729544
0.751053207	-0.153079506	10.15476139
0.670953093	-0.483273222	10.18978301
-1.343156317	-0.144920433	10.50636046
-1.22259494	0.418794606	10.47384265
-0.218261876	0.969773523	10.29467548
0.486892108	-0.777812112	10.24441158
0.309502353	-0.934827255	10.28603493
0.01772005	-1.077735984	10.3451531
-0.588977448	-1.094926747	10.44294288
-0.840974087	0.830029272	10.4087352
-0.543579852	0.954528026	10.35679698
0.38257799	0.732406816	10.19137039
-0.80753853	-1.005934633	10.46961871
-0.899284138	-0.948220311	10.47906043
-0.107200496	0.962382093	10.27847488
0.644489414	0.411099599	10.15572625
0.754042565	-0.209622011	10.16454015
-0.352758989	-1.142514921	10.41515
-0.691913152	-1.065163533	10.45843447
-1.020770178	-0.852947555	10.49364231
-1.278108507	0.320445918	10.48908307
-1.148340369	0.554599134	10.46408024
-1.00131753	0.717543052	10.43854783
0.540064794	0.578442417	10.17062293
0.596284646	0.499783613	10.16349211
0.748413153	0.11524495	10.14954349
0.153357058	-1.035186702	10.3247501
-1.146240989	-0.716038243	10.50486777
-1.348711881	0.062184241	10.50773397
0.690712178	0.324566489	10.15404824
0.568008105	-0.69601581	10.23208182
0.369213899	-0.905184953	10.28213213
-0.123841759	-1.122617472	10.37438008
-0.208215023	-1.132648011	10.38799828
-0.450945779	-1.138180415	10.43187943
-0.961934838	0.759035795	10.43457287
-0.65690087	0.932050513	10.38233875
0.72673455	0.230800475	10.15402489
0.763035908	0.057897411	10.15384748
0.462015166	-0.825999383	10.2632194
-0.029196446	-1.106479623	10.36180295
-0.25842591	-1.15307629	10.40644976
-1.319821869	0.227911056	10.50160273
-0.800417541	0.870493509	10.40846821
0.056910453	0.932224755	10.25685999
0.318077761	0.799684514	10.21135924
0.723527465	-0.400308044	10.18974135
0.625496758	-0.618949096	10.2209675
-0.539195668	-1.127293455	10.44714944
-0.951784507	-0.928459441	10.49256739
-1.191510478	0.513393236	10.47721613
-1.052196349	0.685751217	10.45294056
-0.390564556	0.998915182	10.34149663
-0.278277042	1.003876625	10.32296487
0.747343009	0.177441695	10.1576132
0.774596468	0.000113929	10.15921514
0.672475012	-0.537030458	10.20975833
-0.746943312	-1.057835851	10.47345754
-0.49599411	0.986415424	10.36007052
-0.164034957	0.988318423	10.29806172
0.195337149	0.879852675	10.23615938
0.763244819	-0.264634091	10.17879542
0.283666096	-0.980941552	10.30854198
0.111025677	-1.069863903	10.34202495
-1.071163806	-0.828753529	10.50669294
-0.007749828	0.961282279	10.27377409
0.491354031	0.66168746	10.18975964
0.782952296	-0.05628735	10.1659545
-1.101511525	0.646501183	10.46551631
-0.927269458	0.804535022	10.43566325
-0.609375855	0.96396261	10.38211053
0.551789275	-0.747188749	10.25197187
-0.639348215	-1.111045278	10.46531191
-1.280411398	0.376919158	10.49901309
-1.230562422	0.473326813	10.49030183
-0.757940107	0.908877961	10.40841344
0.438189848	0.722276549	10.20184326
0.719854591	-0.455579432	10.20405269
-0.400564569	-1.166082319	10.43601363
-0.860130793	-1.01091282	10.49211351
-1.002976404	-0.906405727	10.50609924
0.250313212	0.863418786	10.23479604
0.590716435	0.554490426	10.18237835
0.644526247	0.471423282	10.17610022
0.691297532	0.381550296	10.17041417
0.79120837	-0.112487752	10.17429212
0.763747407	-0.320665372	10.19064805
0.373202135	0.784509484	10.21600324
0.732509289	0.288432234	10.16935078
0.246479858	-1.020899445	10.32644908
0.067666416	-1.102446596	10.36019721
-0.070123583	-1.140701082	10.38299531
-0.305827718	-1.177782295	10.42701231
-0.057722591	0.988524588	10.29164334
0.620439501	-0.672026829	10.24217275
0.448316184	-0.876614065	10.28684049
-1.152386829	0.609280075	10.4812837
-0.890354515	0.848324073	10.43747095
-0.447118408	1.015974788	10.3641471
-0.340288205	1.026334089	10.3469792
0.113203726	0.939519544	10.26431852
0.540633944	0.632583599	10.19297584
0.796388296	-0.172637778	10.18387863
-0.157580842	-1.161220519	10.40043268
-0.495163109	-1.16490229	10.45707007
-0.801038724	-1.058647174	10.4928548
-1.270030464	0.433096683	10.50338312
-0.713444474	0.945076835	10.4079716
0.675450049	-0.590120104	10.23085342
0.362416067	-0.95572843	10.30883068
-0.588805533	-1.146092339	10.46991538
-0.22342513	1.020168771	10.32424774
0.536243246	-0.798625764	10.2724681
0.204929489	-1.057047303	10.34292577
-0.914147384	-0.997851891	10.50707359
-0.566175154	1.001044803	10.38805886
0.168705934	0.925263433	10.26007053
0.306015579	0.850009325	10.23765472
0.022482663	-1.133055677	10.37765807
-0.692589237	-1.11796031	10.48539018
-1.199161631	0.567184582	10.4954752
-1.047586365	0.740569848	10.46924033
-0.848958081	0.888013455	10.43671002
-0.114166372	1.014134409	10.30953349
0.790239455	0.145199368	10.17764559
0.771187904	-0.374737137	10.20848837
0.724119974	-0.50888224	10.22476059
-1.006692104	0.780735302	10.46307587
0.689703706	0.437820869	10.18745177
0.803095195	0.089223389	10.18023561
0.804882294	-0.22788022	10.1967249
0.422015036	-0.923871803	10.30573587
0.044123288	0.982696404	10.28644804
0.640260921	0.528228673	10.19391075
0.735052631	0.346859418	10.18364389
0.776574249	0.226710867	10.1818629
0.609497059	-0.724872507	10.26171424
-0.206931168	-1.184433895	10.41848057
-0.354767528	-1.200546425	10.44796807
-1.100523739	0.701336459	10.48267624
-0.669251004	0.981685018	10.41102754
0.428557107	0.773797559	10.22687023
0.493058272	0.714400302	10.21611776
0.815852482	0.033544711	10.18512631
0.511618509	-0.847626502	10.28907476
0.16376316	-1.093332599	10.35990587
-0.443759651	-1.194900957	10.46080558
-0.805542305	0.925517719	10.43546189
0.334537009	-1.001348429	10.32931632
-0.254841883	-1.20809069	10.43904316
-0.747622886	-1.111835365	10.50010831
-0.400717989	1.0486447	10.37211011
-0.2907876	1.054216675	10.35375521
0.592197828	0.611248835	10.20695255
0.825831781	-0.022794386	10.19078337
0.807291429	-0.286189128	10.20848923
0.769806937	-0.430116203	10.22352378
0.67299454	-0.643327627	10.25178752
-0.102389893	-1.180839125	10.40875787
-0.545183353	-1.182757153	10.47913472
-0.972859928	0.827204048	10.46566163
-0.518841618	1.033457727	10.39113074
-0.169654127	1.039447076	10.32943289
0.225654689	0.920369626	10.26428148
0.361626112	0.836899804	10.2422133
-0.019179165	-1.166604792	10.39804511
-1.14990371	0.664800075	10.49576329
-0.007398349	1.012885577	10.30471302
0.832956883	-0.079583557	10.19670615
0.118778427	-1.125352827	10.37516227
-0.638484873	-1.16338074	10.49298685
-0.62134424	1.013458812	10.41150394
0.541774748	0.684546233	10.21882455
0.726053642	-0.562477583	10.24514179
0.59325053	-0.776440763	10.28090215
-0.76221502	0.963323344	10.43561424
0.837366168	-0.136239926	10.20419975
0.298956359	-1.042452789	10.34713689
0.100781524	0.988260727	10.29230338
0.280492377	0.903448881	10.26241369
0.687144169	0.496883163	10.20539063
0.735161257	0.405289554	10.20031054
0.782596243	0.28713108	10.19730333
-0.936879996	0.87177862	10.46756264
-0.063168198	1.03794374	10.3207083
0.495864558	-0.897751993	10.31177489
-0.304987722	-1.230031242	10.45758772
-0.468422369	1.060981442	10.39351571
0.816845706	-0.340342247	10.22515191
0.664695866	-0.696911434	10.27145424
0.41210529	-0.974629993	10.33059821
0.256282935	-1.077888919	10.36190379
0.075118196	-1.157813794	10.39433222
-0.491852621	-1.215746307	10.48427918
-0.350607554	1.076382869	10.37699238
0.156533026	0.975784615	10.28896558
0.641653738	0.583607077	10.21527793
0.818787754	0.193527085	10.20158302
0.775752299	-0.483959282	10.24224791
-0.14605887	-1.212102321	10.42933227
-0.39603953	-1.231443874	10.47277103
-0.894379217	0.910076547	10.4646074
-0.235216676	1.06824474	10.35343641
0.417655966	0.824531363	10.25128061
0.484001294	0.767685908	10.23955967
0.847874337	-0.191554851	10.21586825
-1.096878607	0.756448434	10.49776681
-1.054893337	0.795313018	10.49140736
-0.718989664	1.001328952	10.43756606
0.838225743	0.12923143	10.20470835
0.577884828	-0.828191167	10.30069892
-0.593708924	-1.202763668	10.50310705
-0.577943194	1.05042777	10.4165527
-0.118382627	1.062835499	10.33970851
0.336085129	0.89004417	10.2661715
0.725452956	-0.616541039	10.26389233
0.214181624	-1.113484575	10.37817657
0.594126922	0.66515569	10.23161994
0.852820141	0.073795011	10.20882037
0.84971037	-0.248599151	10.22603154
0.817558442	-0.396002806	10.23920978
0.470294813	-0.945875263	10.33017474
-0.051061658	-1.208273726	10.4221045
-0.851871816	0.948665198	10.46345327
0.732477769	0.464062857	10.21804738
0.784783878	0.349503181	10.21201088
0.031736801	-1.190693419	10.41210328
-0.196506639	-1.233008231	10.44717906
0.043668139	1.03547213	10.31808336
0.864737364	0.017785748	10.21440031
0.654250211	-0.749801932	10.29110118
0.385341621	-1.021252908	10.35109171
-1.022510824	0.842412934	10.49398081
-0.672440523	1.034827335	10.43853399
0.213823978	0.972467151	10.2930873
0.535424328	0.742500615	10.24401814
0.688191573	0.551693303	10.22615149
0.824557181	0.25187807	10.21401177
0.776443049	-0.538139504	10.2613127
0.55413543	-0.877376382	10.3184151
0.17005761	-1.147184535	10.39283505
-0.251516824	-1.257439442	10.46795875
-0.42235381	1.09438589	10.40107872
0.873800272	-0.038673581	10.22024691
-0.346780839	-1.259980452	10.48269056
-0.446369819	-1.250766033	10.49282656
-0.542551425	-1.234348838	10.50723324
-0.807850894	0.985205965	10.46330813
-0.301563965	1.104902348	10.3848668
-0.181767554	1.088453793	10.35892167
0.716371795	-0.67004796	10.28225075
-0.530802228	1.083053165	10.42062387
-0.013565397	1.063366409	10.33497456
0.268183473	0.954589431	10.29041065
0.391793002	0.876924932	10.27093141
0.880244804	-0.095201868	10.22626346
0.858333892	-0.303262315	10.24098105
0.64339122	0.636429472	10.23943757
0.822566505	-0.45035865	10.25682055
0.350353948	-1.063709776	10.36791324
-0.094877745	-1.238825891	10.44358177
-0.987642943	0.887991779	10.49557357
0.473393798	0.820697642	10.26488298
0.638279271	-0.801790214	10.30918964
0.126974881	-1.181292292	10.41000302
0.100738862	1.038699959	10.32223219
0.785553313	0.408481762	10.22778605
0.886982579	-0.151471071	10.23518476
0.306466668	-1.098325603	10.38096984
-0.944117525	0.925395281	10.49262568
-0.628289241	1.071130318	10.44298912
-0.067520412	1.087264372	10.34998428
0.587083113	0.718176418	10.25238202
0.826685088	0.313457824	10.2277146
0.774930412	-0.592321382	10.27985229
-0.76613373	1.024348257	10.46554781
0.323583524	0.939907798	10.2921596
0.735070389	0.520249974	10.23723126
0.867587669	0.178696338	10.22775963
0.860834822	-0.36139129	10.25504765
0.538434491	-0.928105577	10.34051223
0.461974173	-0.996777265	10.35545465
-0.000469811	-1.231432639	10.43666304
-0.480469296	1.11078307	10.42340843
-0.373078839	1.123092728	10.4076566
0.156951925	1.026981905	10.31960395
0.708276789	-0.723647715	10.30152004
-0.144984901	-1.261760115	10.45962251
-0.295388008	-1.286187362	10.49084365
-0.396695347	-1.281445735	10.50234046
-0.900990536	0.962930246	10.49047415
-0.24538026	1.116672743	10.38354414
0.894107581	-0.207684294	10.24591033
0.822015469	-0.505315247	10.27286757
0.265550366	-1.135329336	10.39674966
0.082858798	-1.213403695	10.42776939
0.525808777	0.79763264	10.26936204
0.691092554	0.606126978	10.2488311
0.887512803	0.122377254	10.2330275
0.610907609	-0.864127025	10.33070602
-0.718553287	1.056762852	10.46432295
-0.131016073	1.112886904	10.37019671
-0.580613847	1.102716768	10.44476111
0.447476511	0.872397143	10.28382999
0.901654237	0.065272849	10.23742644
0.767176177	-0.647036021	10.29551996
-0.8579521	1.000766558	10.48972309
0.637263005	0.691876775	10.26052121
0.783455395	0.468014278	10.24403355
0.898730325	-0.263776589	10.25690909
0.222891352	-1.170471571	10.41261771
-0.195717019	-1.282633534	10.47616538
0.037187001	1.086790614	10.34714538
0.213886276	1.021794267	10.32271279
0.379567272	0.928867289	10.29783229
0.829127046	0.374199818	10.24261695
0.873976363	0.240702851	10.24091183
0.913157128	0.006889932	10.24319132
0.86817116	-0.415551952	10.27248583
0.517056646	-0.977511481	10.35995332
0.436148871	-1.044280425	10.37475385
-0.043809108	-1.263623171	10.45623738
0.698222957	-0.776672431	10.32097045
0.577200785	0.772050788	10.27341781
0.92178924	-0.051036379	10.24892637
0.822809168	-0.559502958	10.29163305
-0.434979496	1.144536467	10.43166758
-0.324251992	1.152536206	10.41533251
-0.192077103	1.137401142	10.38822993
0.268735068	1.004878046	10.31984562
0.593915244	-0.914931514	10.35088957
0.178198648	-1.203818522	10.42707214
-0.67558706	1.094569805	10.47007167
-0.018343557	1.113528711	10.36415042
0.739327379	0.576274532	10.25903278
0.927726926	-0.107523906	10.25573766
0.903366913	-0.322795333	10.27039548
0.39994516	-1.085821899	10.39086595
-0.247665601	-1.316193251	10.50073851
-0.81772325	1.041341684	10.49285399
-0.533200713	1.135112794	10.44963445
0.761485769	-0.700650886	10.31511632
0.052350712	-1.255396905	10.45204287
-0.092999167	-1.288647544	10.47237902
-0.267762074	1.161976265	10.4129021
0.094399083	1.088199904	10.35108729
0.68624401	0.663471477	10.26933763
0.875886548	0.297295497	10.25218914
0.869595608	-0.470980802	10.28765234
0.672705434	-0.836645269	10.33901692
0.356560195	-1.121681685	10.40292203
-0.079136068	1.135217226	10.3804743
0.502581506	0.862403645	10.29589822
0.933936345	-0.166355739	10.26454139
0.324530384	0.991264981	10.32170394
0.828722602	0.435792327	10.25849199
0.135149119	-1.237528702	10.44444257
-0.771213808	1.075257299	10.49162307
-0.626875902	1.125170394	10.470051
0.150810407	1.077665145	10.34916664
0.628468899	0.747957217	10.28267873
0.785110229	0.528493882	10.26462648
0.911677957	0.200410284	10.25714961
0.821603146	-0.613612325	10.31027652
0.501704343	-1.027575115	10.38315891
-0.384302726	1.17081535	10.43714947
0.435526709	0.926226296	10.31004241
0.909562398	-0.377548836	10.28631808
0.574671997	-0.965131631	10.37065026
0.316437151	-1.159959154	10.41840543
-0.143011193	-1.31159257	10.48882133
0.9353708	0.107319875	10.26089316
0.940767039	-0.222444547	10.27566482
0.750016663	-0.754039861	10.33244826
0.008090855	-1.286796036	10.47041077
-0.48457174	1.165487829	10.45541251
0.869148734	-0.525848466	10.30410053
-0.141657463	1.162472909	10.39830434
0.555121568	0.839532116	10.29967855
0.73395199	0.633267693	10.27893197
0.878111216	0.355453207	10.26587758
0.948669781	0.048682572	10.26557623
0.658135496	-0.888467136	10.35892235
0.27237847	-1.194161922	10.43216204
-0.727606829	1.112115134	10.49527448
0.20785455	1.073674069	10.35198262
0.380650509	0.981815864	10.32788509
0.959427624	-0.011243022	10.27182563
0.945150635	-0.27891931	10.28705881
0.814258336	-0.668261947	10.32574969
-0.58093884	1.159004059	10.47471416
0.031106398	1.138458534	10.37921391
0.678643222	0.721751317	10.29211823
0.828139261	0.491980003	10.27424049
0.476359339	-1.075417843	10.40166171
-0.040358031	-1.313691415	10.4861516
-0.191624636	-1.335477398	10.50747523
0.262076713	1.055309962	10.34870138
0.919675166	0.265980929	10.27163573
0.967128732	-0.071794271	10.27703777
0.91690095	-0.431708603	10.30355601
0.734169908	-0.810256385	10.35062009
0.229373159	-1.228767505	10.44732958
-0.21551114	1.184693222	10.41988561
0.490905968	0.914322919	10.31810412
0.557086465	-1.015689099	10.39202814
0.106345185	-1.280677758	10.46872976
-0.336035785	1.200807353	10.44542153
-0.030660634	1.162551239	10.39403757
0.606665252	0.814730503	10.30544005
0.95041909	0.161823897	10.27490689
0.870017666	-0.580342983	10.32266517
0.632216568	-0.945811059	10.38007781
0.410683998	-1.134224401	10.41976804
-0.677464382	1.145393163	10.49638242
-0.436597805	1.196326306	10.46058548
0.787922614	0.588659596	10.28703058
0.877235099	0.414986033	10.28053828
0.975175583	-0.12807698	10.2854738
0.949427516	-0.338608213	10.30043803
0.088441072	1.137465546	10.37984637
0.801297063	-0.72915842	10.34493195
0.184413755	-1.261690821	10.46208244
-0.089352269	-1.338735012	10.50259575
-0.279707348	1.21056855	10.44199125
0.318202112	1.043076313	10.34996969
-0.533470483	1.19089311	10.47958582
-0.090792155	1.185989673	10.41007627
0.727613165	0.693053479	10.29953311
0.921455903	0.322282251	10.28321071
0.980777791	-0.184744765	10.29398107
0.918641988	-0.486964865	10.31872681
0.718268658	-0.862649705	10.36820772
0.372248467	-1.173760497	10.4359636
0.060677842	-1.311236599	10.48488553
0.14484483	1.128033007	10.37842943
0.436828777	0.976858421	10.33788785
0.544124739	0.893592451	10.32320256
0.955702173	0.223636018	10.28654568
0.863267507	-0.639372437	10.33992488
0.532938448	-1.065656271	10.41233531
0.325582406	-1.208123762	10.44809108
-0.63028458	1.178226263	10.49855415
0.658447999	0.790599333	10.31320628
0.830878371	0.551156029	10.2952392
0.983155622	0.091368767	10.28815404
-0.38612356	1.222621588	10.46636465
-0.163638682	1.207837725	10.42826695
0.987206691	-0.240799408	10.30539967
0.958898802	-0.392553689	10.31720087
0.78844198	-0.784630384	10.36183948
0.616480308	-0.997226717	10.39977184
0.012087376	-1.337418804	10.50102858
0.87765701	0.473491454	10.29670802
0.995719824	0.032490263	10.29382739
0.471182855	-1.125803943	10.42827884
0.374557113	1.035209298	10.35676052
0.782398069	0.647276189	10.30623539
0.92025421	0.380149515	10.29565998
0.918180729	-0.542126367	10.33407385
0.695638834	-0.920381578	10.3883975
0.283554086	-1.244219045	10.46276203
-0.484761847	1.221059244	10.48556411
0.202191252	1.125218158	10.38155452
0.596454476	0.870926173	10.32958234
1.005551789	-0.031163429	10.29924948
0.018288196	1.188629574	10.40919987
0.255577666	1.10513182	10.37635635
0.492049424	0.96345059	10.34824143
0.991319389	-0.296948301	10.31669293
0.855562881	-0.694692206	10.35529088
0.156926619	-1.305859577	10.48617937
0.707807457	0.76186243	10.32142549
-0.584073135	1.211831469	10.50382017
0.963674704	0.287803346	10.30102519
1.015532145	-0.087214103	10.30720827
0.77178285	-0.842079623	10.37999577
0.240181479	-1.278488578	10.47752643
-0.227696468	1.234104011	10.45007546
0.998908102	0.148120205	10.30198643
0.966426612	-0.446831247	10.33454051
0.596278697	-1.046842803	10.42012444
-0.323187876	1.250118819	10.47168874
-0.043512884	1.214727128	10.42513283
0.075764244	1.185626033	10.40802511
0.912326179	-0.605657424	10.35212336
0.443459742	-1.172035305	10.44786406
0.110057641	-1.335401265	10.50112561
0.31202421	1.094369966	10.37863536
0.647686087	0.845953745	10.33493902
1.023070082	-0.143648944	10.31503709
0.678895352	-0.972000947	10.40667931
-0.43473329	1.249005529	10.49044641
-0.113656305	1.232833175	10.44103622
0.431174441	1.028214109	10.36505842
0.830239997	0.617653453	10.31753436
0.880351481	0.529574594	10.31489304
0.922232395	0.440228449	10.31085461
0.999432642	-0.351764053	10.33113631
0.840135282	-0.759682574	10.37382735
0.528909414	-1.116840296	10.43766163
0.132479188	1.177373213	10.40611719
0.546928998	0.946305469	10.34997347
0.777166302	0.702547655	10.32652897
0.382897641	-1.22195816	10.46556661
0.963971904	0.347846121	10.31350092
1.028288234	-0.20008337	10.32384158
0.963287452	-0.507467286	10.34813255
0.755756355	-0.89476241	10.39748151
1.004984034	0.212070384	10.31364274
-0.268759538	1.268646928	10.47487782
1.030894167	0.076120155	10.31621684
0.906074159	-0.663625863	10.36919311
0.339739597	-1.257344378	10.47912855
0.700133131	0.816845705	10.34239067
0.210454548	-1.322048517	10.50020114
-0.377959068	1.272445293	10.49358263
-0.176355097	1.258096802	10.4588553
0.368500011	1.087800055	10.38493266
0.598828035	0.922076192	10.35544106
1.042694187	0.014201882	10.32106872
1.034413973	-0.256209203	10.33485688
0.828753452	-0.813181446	10.3914602
0.661327579	-1.022455177	10.42725767
0.189553581	1.176181241	10.41064668
0.486813692	1.015692377	10.37182121
1.009112038	-0.405627668	10.34790183
0.585320883	-1.098301409	10.4432724
0.503089702	-1.164245134	10.45726175
0.294579699	-1.291451773	10.49337406
0.243353009	1.157362649	10.40555898
0.761298569	0.7583934	10.3416054
0.876832139	0.586529747	10.32991233
0.924419791	0.494958962	10.32762683
0.962809566	-0.562827544	10.36337837
0.006255659	1.238724985	10.44019469
0.826075429	0.674642435	10.33684708
0.965600119	0.406057563	10.32708284
1.054638959	-0.041220124	10.32895204
0.741964379	-0.946854982	10.4174945
1.012304158	0.272184616	10.3271973
1.038243219	-0.312133145	10.34634734
0.898712724	-0.718474211	10.38456505
0.442443274	-1.221698285	10.47643054
-0.066680026	1.262508937	10.4546926
0.063372896	1.233754354	10.43740669
0.299665453	1.144818382	10.40552706
0.65079023	0.8987366	10.36241363
1.047278931	0.135427172	10.32976831
1.064232061	-0.097134792	10.33670686
0.815313317	-0.866192373	10.40847248
0.424688872	1.079146877	10.39131846
0.541006866	0.997988455	10.37674292
1.01302844	-0.462286922	10.36389065
0.641590798	-1.072609174	10.44661348
-0.32775594	1.299258411	10.50086233
0.960871895	-0.617464729	10.38031081
0.120278365	1.226393642	10.43450539
1.071470047	-0.153543455	10.34463261
0.722364689	-0.998011845	10.43444673
-0.216571616	1.29177158	10.48176232
-0.126504267	1.283809494	10.47112563
1.013600816	0.333149449	10.3383874
0.889879426	-0.772700468	10.40192345
0.569140738	-1.148690587	10.46606675
0.395221443	-1.269400925	10.4950915
0.700501785	0.870090705	10.36663622
0.813781672	0.735065344	10.35628432
0.874106499	0.644901944	10.34824681
0.923808602	0.557863492	10.34560563
0.969212159	0.461877446	10.34177567
1.052647709	0.192227338	10.33858523
1.049725348	-0.366152456	10.36223184
0.593644253	0.975395057	10.38312645
0.753802742	0.815369185	10.36248142
1.076484649	-0.210057932	10.35303391
1.011720518	-0.518165679	10.37732423
0.800012852	-0.91863758	10.42576708
0.35638056	1.139832384	10.41203541
1.078599755	0.062876831	10.34528975
0.349477998	-1.305660057	10.50842048
-0.273803452	1.318223846	10.50524789
0.480482284	1.068415702	10.39859082
0.956701006	-0.672403787	10.39701774
0.503232922	-1.214509103	10.4850382
0.177555505	1.226290773	10.43854133
1.089757557	-0.000591597	10.35032683
0.231857542	1.208630987	10.43366474
1.082722076	-0.265995679	10.36455105
0.878868372	-0.826726063	10.4180578
0.705045868	-1.049089029	10.45472556
-0.016313673	1.287367125	10.46796528
1.015813635	0.393417046	10.3519851
1.059250095	0.248599345	10.35051358
1.056019359	-0.421011279	10.37745501
0.632048322	-1.123895419	10.4702777
0.646432342	0.95300569	10.38651209
1.011652074	-0.573460945	10.39237461
0.040777901	1.280896715	10.46447017
0.287540037	1.194541461	10.43271946
0.412530472	1.129481976	10.4173125
0.862908764	0.707342072	10.36650553
0.920733003	0.614176153	10.36072711
0.968203474	0.523520496	10.35824413
1.104047583	-0.055523691	10.35893846
0.786807386	-0.970979813	10.44518556
-0.167573749	1.319167178	10.49393064
0.535216885	1.052366439	10.40422606
0.804713367	0.792095772	10.37444211
1.08652041	-0.322316256	10.37563975
0.950129741	-0.727421859	10.41219741
0.456920689	-1.268630192	10.50598071
-0.077818554	1.311322296	10.48529195
1.095691892	0.123231216	10.3577532
1.110016621	-0.116227839	10.36523129
0.560625323	-1.199573087	10.49094402
0.097706863	1.274842865	10.46087499
0.695651331	0.923204986	10.38962432
1.059811677	0.306728143	10.35988299
0.866508253	-0.879936879	10.43568108
1.060348825	-0.476498759	10.39275367
0.685891152	-1.099494551	10.47388642
0.587432461	1.028213766	10.40889734
0.754332107	0.870407516	10.38663766
1.116585766	-0.174485504	10.37334155
1.010206936	-0.628240786	10.40901239
1.019622062	0.452726071	10.36799678
0.768002392	-1.022208665	10.46234657
0.344585236	1.190934873	10.43863685
0.468672723	1.120425794	10.42469644
1.101553429	0.18219564	10.36668455
0.94240429	-0.78154877	10.43006833
0.617358914	-1.174419217	10.49338748
0.1550579	1.273327213	10.46500551
0.910997621	0.678200991	10.37750899
0.966340084	0.58242426	10.37549092
1.09811989	-0.376145224	10.39152642
0.855032701	0.76676346	10.3869878
1.061381318	0.365253106	10.37216573
1.126394559	0.04702578	10.37245106
1.124149155	-0.230334013	10.38367402
1.059352932	-0.532206737	10.40659206
0.851979104	-0.932751511	10.45288244
0.215579204	1.26162194	10.46332552
0.640766419	1.007384724	10.41179633
1.006549541	-0.683121883	10.42512539
-0.120043146	1.348388025	10.50829213
0.804807578	0.845569355	10.39808669
1.139649752	-0.008313306	10.38054864
-0.028166951	1.33714875	10.49836078
0.270729218	1.245785365	10.460066
0.401065126	1.182155898	10.44492518
0.52393548	1.105641736	10.42904331
1.018717928	0.509556867	10.38154433
1.108533672	0.240542397	10.37852683
1.129898596	-0.28612733	10.39508625
0.932284003	-0.835752447	10.44591229
0.751469179	-1.073457297	10.48283269
1.104819888	-0.430940382	10.40685453
0.677433241	-1.150979015	10.49776112
0.028402475	1.331242221	10.49206222
0.690536749	0.979338762	10.41552252
1.150690148	-0.071684105	10.38798543
1.059585542	-0.587527723	10.42144633
0.748981818	0.925872198	10.41022979
0.902730697	0.7364596	10.39668172
0.958158643	0.648021717	10.39149793
1.064565156	0.42172179	10.38535745
1.1421127	0.103187293	10.38457988
0.83954826	-0.985461795	10.47190825
0.085364265	1.323567105	10.49066037
0.57650217	1.082877055	10.43122499
1.156000457	-0.13413721	10.39436318
1.00109054	-0.737942853	10.44121863
1.109559193	0.30043971	10.38740962
0.917252502	-0.888812466	10.46110696
0.327541714	1.240597568	10.46517444
0.457259145	1.171198109	10.4504003
1.140051618	-0.340621224	10.40925428
0.855868667	0.821490372	10.40804638
1.109485908	-0.486055161	10.42195832
0.732578845	-1.12438337	10.50109474
1.017761157	0.569394236	10.39690459
1.148894138	0.163378715	10.3928279
1.165288038	-0.189931963	10.40351429
1.058307383	-0.642722349	10.43778366
0.818363953	-1.036473056	10.48804333
0.14290589	1.322751548	10.49219627
0.62953163	1.060967016	10.43481482
0.799128384	0.899175034	10.41816748
1.064945027	0.480643488	10.39952861
0.993544302	-0.792575563	10.45688898
0.198884253	1.310748773	10.49036337
0.951051907	0.707794244	10.40868944
1.111556184	0.360334343	10.39930272
1.174264067	0.034567749	10.40212829
0.903710545	-0.941911361	10.4775178
0.384077297	1.233522597	10.47107051
0.512766741	1.158096227	10.4552582
1.172724067	-0.245974869	10.41474481
1.148244517	-0.395645955	10.42389789
1.108899557	-0.541698151	10.43560223
0.255030423	1.295928929	10.48692018
0.683158559	1.032563621	10.44108295
0.902961178	0.789939155	10.41702693
0.744169009	0.979673833	10.43542171
1.008567178	0.627769604	10.40986727
1.156752029	0.222455379	10.4037829
1.186927727	-0.024223654	10.40860428
1.055040697	-0.697738126	10.45380025
0.802173689	-1.088547717	10.50712943
0.566255541	1.136655454	10.45735596
0.984497477	-0.846981968	10.47394376
0.439942447	1.220897823	10.47463459
0.850950131	0.877124989	10.43024396
1.063419101	0.538239051	10.4118729
1.197423427	-0.089154432	10.41642759
1.181428401	-0.301134547	10.42739349
1.114626616	0.420122315	10.41320822
1.156805414	0.279231109	10.41183965
1.190591071	0.091785934	10.41306884
1.15472877	-0.450622105	10.43912264
1.109724096	-0.597074611	10.45096163
0.892475974	-0.994727765	10.49645628
0.312070037	1.292224083	10.49253759
0.617530197	1.110787171	10.46060894
0.795219996	0.953813356	10.44087251
1.205589972	-0.145245914	10.42466553
1.050185931	-0.752513623	10.47009975
0.952056228	0.763308218	10.42995372
1.001169049	0.685169109	10.42514592
0.969935113	-0.900482018	10.48854175
1.188079782	-0.356813517	10.43991688
0.495991398	1.209450476	10.48020602
0.899369748	0.846864948	10.438546
1.19766188	0.155262947	10.42163439
1.156053635	-0.506234059	10.45268683
0.368457093	1.283168788	10.49582316
0.671621759	1.087180542	10.46340366
1.057008185	0.602178312	10.42689162
1.159671457	0.34095744	10.42345119
1.214650592	-0.201322183	10.43391393
1.108935122	-0.652413248	10.46730471
0.738196368	1.03249093	10.45759581
1.115102127	0.481244185	10.42739038
1.22226936	0.020000862	10.42969736
1.043119909	-0.807389944	10.48577432
0.846608765	0.930103404	10.45143645
0.951227776	-0.962869985	10.50685325
0.550886467	1.192695714	10.48373972
1.231711326	-0.046738013	10.43650128
1.2219859	-0.25735666	10.44524255
1.196398911	-0.411548312	10.4545632
1.155254767	-0.562056676	10.46592699
0.424846988	1.271999882	10.49999955
1.206160606	0.21468795	10.43189803
0.948009798	0.818181089	10.44875747
1.049250106	0.657610283	10.44065619
1.106354554	-0.707591608	10.48352751
0.789917194	1.008767899	10.46516291
1.002769077	0.742935802	10.44702593
1.163612053	0.402577561	10.43697501
0.60414836	1.170973375	10.48593383
1.113140668	0.54188816	10.44014322
1.24452904	-0.103450814	10.44588869
1.034693956	-0.861648104	10.50233692
0.89568823	0.901592832	10.45955344
1.206005546	0.275995025	10.44087422
1.234944156	0.116294672	10.44117441
1.230665827	-0.31281425	10.45769029
1.202999409	-0.466334603	10.46989025
1.156296382	-0.617251715	10.48129058
0.481233764	1.262127128	10.50588133
0.657071725	1.14306283	10.48699561
0.726336186	1.085923164	10.48150701
1.255421182	-0.159191068	10.45565874
1.101664547	-0.762878828	10.49892715
1.163721715	0.459326758	10.44893308
0.842132897	0.986296633	10.47444264
1.108048648	0.597792473	10.45264054
1.256612822	0.064409207	10.45178162
1.237204309	-0.368681743	10.469811
1.050173849	0.712948784	10.45861789
1.209645154	0.337256924	10.45139165
1.245002588	0.177486529	10.45176283
1.260829501	-0.218145698	10.46325319
1.204202484	-0.522234678	10.48305216
0.945258166	0.874140089	10.46818136
0.999308348	0.79996131	10.46654596
1.267841215	-0.000377265	10.4580143
1.155736594	-0.672307936	10.49733705
0.778782201	1.063350799	10.48718751
0.890474042	0.955862038	10.47924277
1.160933346	0.518540138	10.4613708
1.279318289	-0.059971977	10.465473
1.099885054	0.656669004	10.4673165
1.248734762	0.242966107	10.46060077
1.27116393	-0.273048524	10.475821
1.245730434	-0.42333514	10.48456014
1.203603957	-0.578074596	10.49619433
0.71237119	1.139056445	10.50259328
1.213227813	0.402820993	10.46552921
0.830304884	1.03974198	10.49545391
1.046181641	0.768323769	10.47652512
1.291720853	-0.117953461	10.47494925
0.939456051	0.927649149	10.4895603
1.157108698	0.5750393	10.4729836
1.251451273	0.302807611	10.47050257
1.282930132	0.138964412	10.4710116
1.279425584	-0.328766707	10.48766205
0.996939976	0.858089283	10.48698439
1.252285487	-0.478715906	10.49918394
1.302104723	-0.176056248	10.4844035
1.213547974	0.460758389	10.47709537
1.302896195	0.043974829	10.4788053
1.101487211	0.712851194	10.4851894
0.882506191	1.017072832	10.50443216
1.288219794	0.206113925	10.4795749
1.286067986	-0.384545266	10.50018394
1.149763189	0.634958841	10.48557417
1.254152749	0.366055089	10.48201903
1.316029423	-0.012757817	10.4866959
1.310654066	-0.232189551	10.49404559
1.043200021	0.825105283	10.49614951
1.21138603	0.520122287	10.48854024
1.32703593	-0.074315735	10.49363978
0.932125292	0.985218694	10.50934023
1.292347394	0.267135384	10.48939662
1.319879302	0.099624793	10.49044609
0.993583158	0.915299695	10.50770622
1.320784955	-0.28717242	10.50621021
1.097363699	0.77004884	10.50240336
1.257877829	0.42980105	10.49584858
1.339103991	-0.133774435	10.50330595
1.150813973	0.689578315	10.5044334
1.206545054	0.581123273	10.50126271
1.29413233	0.328965211	10.49969668
1.326940973	0.168720861	10.49973697
1.3515651	0.033561552	10.50710055
1.332446644	0.230428742	10.50847744
1.261146439	0.496202903	10.50878566
1.299139088	0.391918453	10.50913727
